6534573
6534574
6534575
6534576
6534577
6534578
6534579
6534580
6534581
6534582
6534583
6534584
6534585
6534586
6534587
6534588
6534589
6534590
6534591
6534592
6534593
6534594
6534595
6534596
6534597
6534598
6534599
6534600
6534601
6534602
6534603
6534604
6534605
6534606
6534607
6534608
6534609
6534610
6534611
6534612
6534613
6534614
6534615
6534616
6534617
6534618
6534619
6534620
6534621
6534622
6534623
6534624
6534625
6534626
6534627
6534628
6534629
6534630
6534631
6534632
6534633
6534634
6534635
6534636
6534637
6534638
6534639
6534640
6534641
6534642
6534643
6534644
6534645
6534646
6534647
6534648
6534649
6534650
6534651
6534652
6534653
6534654
6534655
6534656
6534657
6534658
6534659
6534660
6534661
6534662
6534663
6534664
6534665
6534666
6534667
6534668
6534669
